1.87597e+06 2.04373e+06 -827003 14531.4 21120.7 -3500.05 14013.8 54216.6 750.265 2395.48 -98502.4
2.04373e+06 2.36739e+06 -867062 44975.4 73422.1 -13950.5 48609.7 181617 1616.18 5548.96 -274969
-827003 -867062 489238 -310.859 -416.69 64.7827 -277.04 -1099.4 -19.6103 -59.6942 2269.16
14531.4 44975.4 -310.859 7957.86 10821.1 -1764.99 7188.62 28329.8 487.307 1470.48 -58150.8
21120.7 73422.1 -416.69 10821.1 33195.5 -3811.6 13123.7 75679.3 2.97256e-06 -3.89169e-06 -45968
-3500.05 -13950.5 64.7827 -1764.99 -3811.6 12310.4 -1942.76 -8689.78 -1.8102e-06 2.36992e-06 4655.22
14013.8 48609.7 -277.04 7188.62 13123.7 -1942.76 15268.8 29919.7 -2.016e-06 1.31968e-05 -30973.6
54216.6 181617 -1099.4 28329.8 75679.3 -8689.78 29919.7 229786 5459.42 12240 -147338
750.265 1616.18 -19.6103 487.307 2.97256e-06 -1.8102e-06 -2.016e-06 5459.42 3272.63 2431.95 -6797.72
2395.48 5548.96 -59.6942 1470.48 -3.89169e-06 2.36992e-06 1.31968e-05 12240 2431.95 5609.34 -17877.4
-98502.4 -274969 2269.16 -58150.8 -45968 4655.22 -30973.6 -147338 -6797.72 -17877.4 592789
