Minuit2Minimizer : Valid minimum - status = 0
FVAL  = 27.5449268587501663
Edm   = 1.21913113263671632e-06
Nfcn  = 951
temperature	  = 86.0131	 +/-  0.838801
delta	  = 0.525449	 +/-  0.0352738
peakratio	  = 1.28628	 +/-  0.0829739
mu1	  = 126.386	 +/-  0.0454477
sigma1	  = 0.939681	 +/-  0.0384229
A2	  = 0.726529	 +/-  0.0261249
mu2	  = 140.111	 +/-  0.0403392
sigma2	  = 1.63421	 +/-  0.0380541
nu_f	  = -0.0324619	 +/-  0.00815706
scale	  = 0.967451	 +/-  0.00819727
vara0	  = 0.334934	 +/-  0.00219885
varaUV	  = 0.0988726	 +/-  0.00160369
varaIR	  = 0.00798069	 +/-  0.00258247
densityp0	  = -0.000158155	 +/-  1.33928e-06
densityp1	  = 0.0486899	 +/-  0.000207961
kappap0	  = 6.07122e-11	 +/-  8.77141e-13
kappap1	  = -3.16986e-09	 +/-  8.04963e-11
Fitvalue = 0.525449 1.28628 27.5449
Rindex @128nm = 1.36407
Info in <TCanvas::SaveAs>: ROOT file rindex-new.root has been created
Info in <TCanvas::SaveAs>: ROOT file Trans-new.root has been created
